019
023
024
026
027
029
036
038
041
044
048
050
056
060
065
067
068
069
074
078
079
080
081
083
087
088
089
091
092
093
094
096
099
100
102
103
104
105
106
108
109
111
112
113
116
117
118
123
124
126
128
129
130
131
134
136
137
138
140
141
143
165
166
190
191
209
213
217
222
223
224
236
237
238
241
249
254
260
261
267
274
275
280
284
285
287
290
292
293
304
305
311
313
315
317
318
321
331
333
335
338
342
346
355
359
360
363
370
389
398
401
402
405
406
407
409
410
411
414
416
417
418
427
428
435
464
503
504
509
511
513
516
517
518
519
520
521
522
523
525
526
527
529
530
531
532
536
537
540
543
545
